0.993
0.991
0.964
0.972
0.964
0.957
0.957
0.982
0.967
0.968
0.965
0.956
0.97
0.96
0.945
0.968
0.957
0.962
0.963
0.957
0.955
0.958
0.957
0.956
0.959
0.984
0.978
0.951
0.979
0.958
0.986
0.963
0.955
0.964
0.964
0.959
0.966
0.988
1.0
0.991
0.993
0.954
0.957
0.955
0.99
0.967
0.966
0.964
0.989
0.991
0.953
0.989
0.976
0.987
0.955
0.962
0.958
0.992
0.954
0.984
0.939
0.995
0.962
0.969
0.973
0.973
0.941
0.945
0.95
0.945
0.945
0.94
0.945
0.942
0.947
0.979
0.981
0.952
0.946
0.967
0.976
0.972
0.97
0.971
0.94
0.977
0.954
0.986
0.94
0.995
0.981
0.99
0.984
0.953
0.974
0.963
0.96
0.962
0.968
0.954
0.965
0.966
0.991
0.963
0.94
0.939
0.99
0.995
0.959
0.991
0.963
0.996
0.965
0.992
0.997
0.964
0.965
0.994
0.966
0.957
0.965
0.966
0.992
0.992
0.997
0.996
0.967
0.994
0.993
0.993
0.942
0.964
0.986
0.991
0.967
0.955
0.955
0.988
0.972
0.999
0.999
0.984
0.983
0.991
0.993
0.991
0.994
0.958
0.996
0.999
0.996
0.991
0.995
0.996
0.996
0.995
0.966
0.997
0.996
0.996
0.993
0.992
0.991
0.992
0.996
0.996
0.987
0.996
0.996
0.994
0.993
0.996
0.997
0.994
0.994
0.992
0.993
0.994
0.993
0.995
0.993
0.996
0.993
0.994
0.993
0.992
0.993
0.978
0.994
0.995
0.994
0.996
0.997
0.995
0.993
0.968
0.996
0.989
0.965
0.993
0.994
0.993
0.994
0.992
0.99
0.989
0.99
0.991
